1 16 576 17 14
2 94 483 29 26
3 927 101 19 22
4 225 790 27 10
5 78 846 14 12
6 964 114 19 28
7 507 506 22 10
8 700 352 26 16
9 593 72 14 22
10 38 861 19 10
11 749 92 28 17
12 416 24 21 13
13 107 219 25 25
14 341 283 20 12
15 231 746 29 29
16 911 361 19 14
17 653 620 18 15
18 373 129 29 21
19 269 410 23 11
20 534 291 13 11
21 331 206 22 28
22 648 629 20 19
23 302 342 24 12
24 7 544 17 29
25 121 842 15 22
26 553 866 13 13
27 294 795 23 21
28 92 541 16 24
29 122 1 25 16
30 252 427 28 13
31 518 11 7 8
32 413 648 23 13
33 277 775 16 19
34 221 48 20 16
35 876 856 14 25
36 194 609 26 23
37 21 152 23 11
38 21 332 22 29
39 89 554 27 11
40 454 634 21 14
41 247 227 18 16
42 927 14 13 15
43 137 414 14 10
44 330 48 12 13
45 156 538 14 24
46 706 818 18 29
47 400 275 23 9
48 598 191 17 13
49 773 536 14 12
50 83 464 28 13
51 215 479 16 19
52 517 750 15 19
53 646 140 11 21
54 962 108 13 11
55 344 548 20 25
56 202 348 14 17
57 988 201 11 13
58 446 465 24 29
59 650 686 14 25
60 15 939 16 27
61 774 400 23 25
62 375 163 12 13
63 331 144 11 12
64 925 82 23 26
65 328 310 19 18
66 924 123 10 13
67 62 367 15 26
68 95 428 12 23
69 974 71 24 17
70 952 766 15 27
71 535 182 22 18
72 581 929 13 15
73 553 936 18 24
74 565 372 22 13
75 595 283 17 14
76 158 876 25 17
77 150 404 27 14
78 636 428 24 22
79 604 932 26 10
80 169 750 24 19
81 696 25 13 17
82 112 75 15 18
83 499 211 20 26
84 593 845 22 28
85 161 53 20 11
86 0 625 22 24
87 940 926 26 17
88 718 529 20 26
89 93 309 27 11
90 436 439 28 28
91 642 677 13 27
92 152 94 23 29
93 461 708 21 28
94 852 50 16 16
95 800 928 20 15
96 187 960 16 21
97 89 64 19 20
98 616 595 11 14
99 644 445 26 20
100 442 478 28 25
101 79 144 18 27
102 69 393 23 19
103 271 538 22 18
104 42 812 29 12
105 844 31 29 11
106 501 976 18 21
107 339 511 18 12
108 937 656 21 14
109 934 467 14 22
110 197 624 28 10
111 562 801 29 15
112 357 330 17 27
113 977 665 15 26
114 584 400 25 24
115 919 439 21 20
116 688 213 26 18
117 57 159 12 19
118 144 300 27 17
119 583 810 15 12
120 437 799 26 13
121 575 56 27 17
122 838 235 15 22
123 45 775 12 24
124 306 645 29 21
125 143 779 13 14
126 665 958 23 23
127 191 326 12 25
128 317 575 21 26
129 825 547 16 19
130 416 821 21 20
131 394 477 28 21
132 436 81 26 18
133 828 845 22 16
134 976 451 10 24
135 665 168 11 29
136 526 140 10 26
137 257 178 15 19
138 830 143 14 24
139 230 839 4 13
140 374 212 26 25
141 863 116 24 15
142 612 824 16 12
143 434 762 10 11
144 39 248 28 19
145 558 532 29 13
146 247 217 24 25
147 341 591 25 11
148 688 129 15 12
149 598 837 17 27
150 287 922 12 15
151 434 755 15 18
152 965 127 28 12
153 873 323 20 18
154 450 934 19 26
155 645 87 17 10
156 715 964 13 21
157 146 670 26 19
158 594 473 12 14
159 334 98 11 24
160 422 625 22 29
161 659 954 20 27
162 696 83 14 27
163 739 960 29 13
164 389 120 15 18
165 159 219 14 24
166 468 558 24 12
167 329 589 20 25
168 804 152 21 24
169 150 463 20 11
170 264 429 26 22
171 439 225 27 29
172 131 721 15 10
173 839 969 21 29
174 12 250 22 18
175 633 894 29 20
176 154 522 14 16
177 438 785 17 13
178 330 14 13 28
179 183 515 26 18
180 200 891 9 8
181 539 207 11 12
182 860 376 17 12
183 321 825 21 13
184 874 885 16 15
185 545 524 23 25
186 118 872 12 21
187 470 4 17 10
188 160 45 22 11
189 646 622 26 28
190 279 642 26 12
191 676 210 10 28
192 794 539 11 13
193 646 709 17 15
194 475 957 18 26
195 550 697 27 18
196 265 110 22 13
197 948 302 29 21
198 651 968 28 27
199 326 688 17 13
200 215 490 12 15
201 412 511 15 13
202 591 772 18 21
203 753 912 18 17
204 488 512 20 26
205 876 130 28 21
206 816 893 11 22
207 463 715 15 12
208 91 660 23 23
209 411 82 24 16
210 611 127 26 20
211 989 178 10 28
212 848 666 22 22
213 51 673 10 13
214 357 335 18 16
215 631 94 22 11
216 19 736 22 14
217 192 559 22 25
218 153 50 17 21
219 351 786 18 12
220 323 468 27 17
221 941 869 11 18
222 804 369 16 20
223 867 764 16 24
224 473 476 15 19
225 59 430 19 27
226 677 218 20 15
227 883 66 25 27
228 859 319 22 11
229 774 251 22 13
230 900 302 27 10
231 768 106 20 10
232 633 385 26 18
233 867 773 28 12
234 392 444 15 14
235 302 733 24 12
236 964 932 22 14
237 324 510 19 24
238 476 558 29 10
239 75 413 25 25
240 736 712 11 25
241 357 471 26 24
242 406 553 19 26
243 626 629 19 13
244 343 189 29 11
245 750 398 18 4
246 434 215 10 28
247 784 104 23 12
248 438 328 16 29
249 296 555 11 29
250 632 967 18 23
251 696 38 27 17
252 223 724 23 26
253 933 681 16 15
254 247 784 19 25
255 566 947 12 17
256 142 341 14 27
257 510 736 25 19
258 352 161 28 19
259 15 549 16 25
260 890 300 19 14
261 913 203 20 26
262 669 981 23 15
263 274 200 24 27
264 824 144 21 13
265 980 939 17 14
266 351 572 21 19
267 928 471 28 12
268 231 758 20 29
269 561 329 24 19
270 345 812 29 26
271 980 879 10 18
272 622 825 12 12
273 62 200 11 17
274 347 225 18 28
275 148 983 21 10
276 668 968 11 12
277 644 980 13 14
278 386 487 13 14
279 739 714 15 29
280 101 628 25 20
281 587 419 15 12
282 620 624 21 16
283 578 429 18 29
284 178 361 22 26
285 333 472 25 14
286 258 403 18 16
287 92 225 21 12
288 30 377 27 13
289 873 143 21 27
290 595 628 22 29
291 305 736 9 5
292 684 660 14 20
293 389 487 23 27
294 596 216 21 14
295 801 72 16 24
296 111 237 14 27
297 281 215 26 23
298 445 218 17 25
299 659 949 27 21
300 391 604 27 16
301 356 344 21 23
302 203 851 28 18
303 319 27 12 6
304 953 52 25 13
305 918 682 26 23
306 809 16 11 27
307 463 608 18 21
308 322 821 12 18
309 458 647 25 28
310 881 630 14 27
311 315 23 20 21
312 101 792 27 21
313 214 54 15 27
314 546 106 11 14
315 73 414 12 25
316 771 136 26 15
317 524 731 13 19
318 459 270 13 20
319 23 501 20 25
320 821 876 14 18
321 344 584 26 11
322 830 442 22 23
323 88 973 19 14
324 959 320 10 22
325 413 858 29 11
326 793 228 27 24
327 546 206 15 23
328 368 440 25 16
329 21 382 10 15
330 977 815 13 21
331 735 767 19 14
332 621 967 11 17
333 618 334 13 12
334 866 740 29 25
335 776 869 24 16
336 236 888 10 20
337 276 448 17 15
338 839 210 20 22
339 563 499 18 29
340 930 862 14 25
341 389 177 24 19
342 761 795 13 18
343 889 213 14 17
344 786 254 3 3
345 458 385 27 19
346 258 747 25 20
347 253 774 19 28
348 692 178 22 18
349 196 706 11 11
350 183 8 13 18
351 907 668 20 11
352 303 849 21 26
353 725 312 25 21
354 212 622 20 28
355 713 389 29 10
356 544 88 20 22
357 109 334 28 28
358 703 947 27 29
359 209 578 25 23
360 486 978 10 19
361 528 457 26 17
362 233 905 11 29
363 578 305 3 4
364 556 826 11 14
365 468 78 29 28
366 11 734 14 27
367 978 843 12 16
368 960 809 26 18
369 965 830 22 25
370 632 720 21 25
371 509 869 25 29
372 183 342 26 28
373 399 856 10 25
374 373 953 29 26
375 318 836 23 28
376 461 305 26 26
377 790 533 27 28
378 365 240 28 29
379 379 17 24 16
380 557 684 26 25
381 847 821 21 28
382 320 811 26 23
383 865 164 28 28
384 521 799 17 20
385 167 204 11 25
386 812 843 20 21
387 115 179 18 20
388 455 798 25 12
389 889 846 20 22
390 388 477 18 19
391 648 193 18 24
392 888 864 23 14
393 585 816 14 25
394 51 261 21 22
395 825 136 18 22
396 338 581 25 22
397 487 972 16 18
398 597 204 28 16
399 262 220 16 14
400 13 729 20 22
401 352 128 23 21
402 336 219 15 16
403 545 16 13 29
404 730 38 25 29
405 93 694 16 17
406 112 533 18 12
407 608 930 11 17
408 709 357 12 13
409 134 212 27 19
410 527 823 15 26
411 162 729 29 14
412 856 380 22 12
413 963 153 22 25
414 342 223 22 27
415 915 121 13 23
416 576 327 29 13
417 457 320 27 18
418 196 844 11 16
419 422 633 26 18
420 103 553 14 15
421 976 627 14 28
422 684 97 27 14
423 765 96 26 18
424 619 957 21 19
425 790 665 24 18
426 522 186 17 10
427 895 279 24 22
428 595 715 22 12
429 893 904 18 18
430 547 659 23 18
431 163 576 19 22
432 377 137 27 29
433 343 702 29 10
434 917 213 12 26
435 54 373 13 23
436 300 164 26 23
437 323 56 11 22
438 281 92 16 20
439 575 461 12 15
440 419 385 14 10
441 535 743 10 19
442 584 961 22 19
443 669 235 17 19
444 390 479 29 25
445 897 508 11 17
446 872 399 12 21
447 850 460 16 16
448 497 827 23 14
449 688 106 23 28
450 129 394 19 11
451 539 486 13 28
452 449 41 11 12
453 548 711 25 19
454 881 148 24 24
455 730 595 22 21
456 595 757 22 18
457 241 939 25 18
458 112 238 27 16
459 316 551 26 19
460 614 912 26 24
461 384 19 10 21
462 524 155 18 20
463 166 23 26 27
464 863 46 28 27
465 331 331 21 10
466 750 416 29 19
467 952 860 21 29
468 178 660 15 21
469 544 300 28 28
470 291 863 28 22
471 597 383 20 15
472 316 178 16 23
473 973 459 14 17
474 379 186 18 12
475 681 620 19 10
476 428 741 19 25
477 597 792 20 17
478 814 245 29 19
479 624 364 14 25
480 785 592 21 15
481 848 601 12 25
482 922 748 10 20
483 968 940 24 24
484 429 766 23 20
485 479 137 15 25
486 415 942 18 11
487 361 19 17 17
488 194 953 19 11
489 559 54 11 25
490 678 698 17 21
491 591 646 17 23
492 280 452 26 10
493 861 28 18 20
494 522 730 19 23
495 560 232 17 21
496 10 586 16 10
497 137 412 16 11
498 122 216 29 19
499 699 176 12 13
500 157 122 28 27
501 976 618 16 13
502 95 19 10 14
503 447 926 29 18
504 362 960 20 25
505 553 539 26 28
506 87 598 10 27
507 576 296 10 17
508 131 712 29 21
509 959 823 20 22
510 71 809 12 21
511 102 479 21 13
512 877 531 11 25
513 470 637 19 17
514 185 305 14 16
515 594 732 16 17
516 204 637 19 19
517 753 786 26 25
518 533 509 13 16
519 946 478 19 19
520 247 184 26 13
521 599 645 18 16
522 305 739 22 14
523 603 468 26 16
524 131 769 16 19
525 553 448 21 14
526 507 958 14 12
527 926 442 16 21
528 927 194 12 23
529 49 348 26 21
530 49 415 28 26
531 945 816 16 26
532 553 567 19 24
533 460 223 23 28
534 478 582 11 19
535 465 642 15 26
536 301 289 19 26
537 455 263 11 23
538 612 511 16 25
539 834 467 23 29
540 568 810 26 10
541 18 861 25 16
542 848 587 24 21
543 722 363 16 25
544 536 167 14 27
545 76 400 20 17
546 577 710 16 11
547 612 826 21 24
548 680 690 15 13
549 703 33 28 15
550 442 397 25 22
551 291 208 13 29
552 549 33 13 26
553 277 446 16 26
554 775 672 24 20
555 244 170 16 20
556 934 647 25 16
557 568 562 17 26
558 54 679 26 11
559 458 474 23 16
560 916 97 25 26
561 546 99 23 20
562 97 951 13 16
563 622 351 12 18
564 784 53 13 27
565 38 915 29 12
566 145 390 29 10
567 275 642 20 29
568 850 267 27 20
569 81 482 28 14
570 765 866 20 24
571 414 871 16 23
572 654 205 11 26
573 157 838 27 26
574 724 34 24 21
575 508 159 29 20
576 40 379 26 29
577 517 727 14 14
578 736 946 29 10
579 23 186 27 22
580 401 613 10 24
581 920 649 15 21
582 772 680 15 14
583 184 627 15 13
584 624 392 12 11
585 550 826 26 19
586 294 167 27 17
587 734 381 12 21
588 296 631 16 21
589 330 511 19 22
590 197 889 16 13
591 389 51 28 14
592 196 219 28 20
593 785 419 26 12
594 706 953 15 3
595 547 296 16 28
596 29 796 17 27
597 0 751 16 26
598 912 712 11 24
599 812 543 26 13
600 174 969 18 11
601 871 296 28 23
602 717 391 14 5
603 356 328 21 14
604 875 185 10 24
605 502 200 26 28
606 208 597 29 19
607 400 516 27 16
608 509 170 16 26
609 358 482 18 21
610 963 294 21 27
611 489 31 18 24
612 491 54 27 19
613 745 434 10 28
614 478 311 25 11
615 740 425 22 18
616 280 492 28 28
617 344 430 11 29
618 588 668 23 20
619 329 709 22 19
620 85 632 25 25
621 929 486 16 17
622 336 143 19 29
623 214 602 12 28
624 130 346 24 13
625 14 865 13 12
626 891 219 8 4
627 602 634 23 16
628 354 150 26 14
629 144 707 22 29
630 904 880 26 16
631 324 333 10 17
632 166 888 27 15
633 766 713 13 14
634 913 109 18 16
635 513 500 10 12
636 560 531 13 25
637 211 226 14 14
638 954 858 3 3
639 319 149 22 13
640 951 173 16 11
641 161 320 29 19
642 835 542 19 26
643 30 242 28 15
644 226 26 12 22
645 135 796 15 18
646 109 833 27 14
647 676 962 12 17
648 969 352 24 25
649 158 47 7 3
650 842 626 24 15
651 934 171 18 11
652 93 770 28 16
653 686 488 24 19
654 16 136 20 25
655 275 762 25 14
656 265 505 17 19
657 29 779 24 21
658 0 867 26 20
659 16 922 19 28
660 570 768 12 16
661 327 219 27 19
662 392 468 20 16
663 706 854 13 20
664 740 752 28 25
665 525 776 27 15
666 211 836 27 20
667 85 48 11 19
668 52 64 15 16
669 944 53 15 23
670 572 441 10 28
671 288 291 12 29
672 344 612 11 27
673 904 219 16 13
674 482 363 10 24
675 919 472 13 20
676 407 113 23 21
677 87 135 20 10
678 320 446 26 19
679 668 185 26 26
680 103 485 15 15
681 160 507 26 20
682 13 696 26 12
683 514 140 27 15
684 694 155 19 27
685 378 26 13 24
686 968 833 16 28
687 960 906 14 24
688 818 327 16 27
689 587 195 18 28
690 547 674 20 12
691 183 912 10 12
692 228 928 20 24
693 694 353 11 10
694 499 760 24 21
695 577 473 17 10
696 913 377 10 24
697 534 756 14 16
698 161 118 12 5
699 39 502 14 22
700 225 896 21 12
701 345 97 21 25
702 150 719 22 27
703 79 840 10 13
704 777 598 12 18
705 300 854 20 19
706 647 121 19 22
707 776 472 16 24
708 761 335 23 26
709 651 123 13 18
710 976 887 14 18
711 585 746 23 29
712 168 674 15 11
713 317 834 23 23
714 260 519 10 26
715 688 863 26 16
716 101 754 28 22
717 378 130 17 24
718 648 222 16 27
719 237 911 18 13
720 308 468 28 20
721 125 18 11 24
722 68 165 11 29
723 797 553 29 10
724 629 588 10 11
725 584 758 12 21
726 316 376 10 18
727 141 201 29 21
728 794 517 18 21
729 411 455 19 20
730 168 500 21 17
731 397 801 19 21
732 658 966 16 18
733 755 531 29 14
734 967 113 21 15
735 932 852 11 25
736 592 285 25 28
737 748 396 23 10
738 845 307 27 16
739 456 581 25 28
740 857 575 29 29
741 470 714 20 22
742 842 219 21 20
743 157 116 25 21
744 155 905 14 16
745 918 868 22 14
746 363 122 11 17
747 95 148 12 26
748 106 293 13 19
749 343 944 28 13
750 332 114 23 16
751 848 585 10 17
752 331 692 17 28
753 758 927 13 24
754 421 936 11 20
755 29 648 26 21
756 714 374 28 27
757 95 56 12 29
758 16 698 17 6
759 324 696 29 20
760 186 7 18 15
761 828 856 13 11
762 623 890 14 18
763 62 537 20 25
764 621 400 28 15
765 165 169 21 25
766 651 114 10 14
767 530 190 16 12
768 268 760 26 21
769 612 705 17 22
770 520 738 29 22
771 141 35 26 10
772 347 201 28 29
773 320 789 26 29
774 973 657 22 15
775 637 975 10 17
776 554 332 29 18
777 777 771 10 26
778 586 812 8 4
779 114 491 11 27
780 175 395 16 29
781 246 103 20 22
782 808 522 24 24
783 595 122 21 28
784 240 701 10 23
785 469 107 21 17
786 474 492 25 15
787 211 742 24 14
788 704 375 21 24
789 832 37 11 14
790 562 575 10 28
791 465 259 23 17
792 138 784 22 11
793 445 456 19 21
794 433 111 19 19
795 462 2 13 24
796 852 958 18 16
797 147 345 22 11
798 504 918 21 11
799 642 234 10 21
800 434 211 28 25
801 281 108 12 11
802 11 187 18 12
803 344 786 28 17
804 748 145 17 21
805 941 232 24 24
806 354 263 19 28
807 908 476 24 23
808 732 968 18 13
809 248 413 25 22
810 953 204 11 28
811 404 891 25 11
812 957 616 20 14
813 702 155 16 14
814 196 15 23 22
815 626 952 23 19
816 794 922 19 19
817 490 976 26 23
818 73 198 16 16
819 70 633 15 21
820 213 423 12 16
821 349 319 14 28
822 707 828 15 22
823 579 909 22 25
824 192 694 17 16
825 954 355 27 22
826 537 498 21 16
827 23 386 26 24
828 918 662 19 24
829 346 335 18 11
830 100 789 12 11
831 813 89 15 18
832 570 755 10 26
833 404 632 21 10
834 516 6 12 24
835 419 95 15 25
836 140 178 29 24
837 694 364 20 12
838 445 395 15 26
839 340 713 25 11
840 32 648 25 11
841 830 204 10 16
842 313 366 22 19
843 426 108 13 29
844 599 601 26 12
845 610 282 19 11
846 739 714 3 17
847 318 121 19 20
848 704 423 20 24
849 810 32 16 12
850 737 306 27 23
851 88 176 17 25
852 762 278 22 22
853 825 31 26 17
854 315 954 24 13
855 299 645 10 22
856 355 170 24 22
857 243 293 27 22
858 565 529 10 28
859 720 139 26 29
860 887 861 26 10
861 439 65 25 28
862 812 592 25 24
863 562 324 10 16
864 939 396 25 21
865 984 927 11 14
866 645 959 28 10
867 603 299 11 19
868 722 457 25 10
869 489 632 22 17
870 156 655 10 27
871 468 50 19 14
872 212 350 27 14
873 534 702 25 21
874 917 103 18 29
875 764 767 21 12
876 229 693 23 13
877 338 303 19 27
878 621 23 14 22
879 641 601 27 27
880 494 58 17 10
881 532 117 19 14
882 905 651 26 27
883 459 955 25 13
884 905 370 27 17
885 591 390 10 10
886 426 89 21 11
887 110 185 25 10
888 564 242 19 27
889 425 796 22 23
890 413 365 16 29
891 733 964 17 17
892 341 226 28 15
893 167 532 25 13
894 520 806 28 21
895 672 399 17 10
896 730 128 27 12
897 562 534 6 18
898 97 873 26 16
899 483 210 20 16
900 348 10 26 20
901 153 38 17 18
902 490 881 29 25
903 728 614 29 17
904 965 75 11 26
905 245 124 27 14
906 788 522 14 26
907 38 536 22 21
908 500 298 25 22
909 130 825 23 11
910 457 302 10 12
911 605 735 15 25
912 802 19 28 14
913 722 47 14 21
914 531 158 16 19
915 21 236 27 22
916 879 912 19 21
917 50 502 20 11
918 455 481 18 15
919 825 580 27 24
920 164 575 29 12
921 835 857 14 25
922 585 198 26 10
923 937 249 28 22
924 544 898 20 18
925 23 67 10 19
926 303 290 23 16
927 626 906 21 25
928 303 150 17 12
929 151 64 24 27
930 38 331 12 25
931 413 273 18 15
932 590 668 28 21
933 833 580 26 21
934 755 739 22 12
935 265 505 10 18
936 97 153 10 24
937 584 297 27 15
938 154 178 20 24
939 650 225 28 25
940 131 129 27 21
941 889 623 14 21
942 601 500 23 18
943 691 202 21 24
944 778 745 18 12
945 937 858 25 29
946 277 106 22 17
947 268 225 17 19
948 114 6 15 19
949 721 538 11 7
950 288 926 12 23
951 321 618 28 27
952 143 780 12 29
953 321 564 16 10
954 911 648 29 16
955 96 453 18 19
956 852 265 11 19
957 166 664 26 18
958 891 825 28 23
959 73 790 28 20
960 707 874 14 19
961 663 684 12 13
962 362 940 13 23
963 171 898 19 20
964 942 851 19 14
965 775 109 18 21
966 136 885 11 27
967 922 706 15 21
968 17 871 22 13
969 327 703 25 17
970 436 333 22 29
971 107 511 21 28
972 176 845 24 23
973 754 749 28 10
974 791 290 25 22
975 455 473 10 12
976 670 618 16 11
977 787 457 22 22
978 102 175 20 15
979 197 339 17 23
980 455 619 13 29
981 308 82 17 11
982 192 343 11 26
983 204 404 13 26
984 529 290 23 11
985 331 197 19 28
986 263 596 21 22
987 772 269 17 24
988 703 152 12 20
989 144 871 19 29
990 543 532 16 10
991 454 941 11 15
992 266 191 14 10
993 733 735 16 22
994 40 539 23 20
995 253 239 26 12
996 142 40 21 27
997 648 400 14 26
998 86 176 25 26
999 674 197 24 28
1000 398 271 28 18
1001 837 40 20 14
1002 501 653 21 25
1003 581 901 10 26
1004 926 751 10 10
1005 36 620 21 21
1006 399 28 21 14
1007 971 930 22 18
1008 431 840 10 19
1009 193 822 20 28
1010 53 363 18 20
1011 280 688 3 10
1012 15 617 17 18
1013 721 370 18 25
1014 215 13 28 28
1015 217 923 10 11
1016 822 53 11 18
1017 841 376 29 13
1018 934 173 24 14
1019 677 494 27 22
1020 215 608 20 14
1021 916 878 10 20
1022 114 35 27 24
1023 485 66 12 25
1024 61 193 13 29
1025 166 309 19 22
1026 39 777 29 20
1027 928 402 12 21
1028 678 603 28 20
1029 795 633 19 17
1030 838 665 24 29
1031 225 788 24 12
1032 141 316 15 27
1033 408 877 29 17
1034 522 139 18 10
1035 657 501 10 24
1036 368 110 12 24
1037 364 795 24 24
1038 684 660 17 16
1039 488 150 11 23
1040 607 721 26 11
1041 71 863 24 25
1042 538 835 10 24
1043 610 281 13 21
1044 17 73 22 24
1045 301 558 23 23
1046 158 657 5 21
1047 959 335 20 16
1048 439 793 14 17
1049 564 684 24 28
1050 252 587 14 25
1051 663 508 15 28
1052 118 704 15 24
1053 445 48 19 12
1054 493 643 13 23
1055 278 143 15 11
1056 486 918 21 15
1057 72 266 20 26
1058 572 475 21 10
1059 144 522 25 27
1060 946 788 12 10
1061 884 875 26 13
1062 836 374 14 17
1063 453 491 22 25
1064 99 671 25 10
1065 79 412 14 25
1066 234 236 24 16
1067 399 229 27 10
1068 309 138 29 17
1069 925 150 20 29
1070 508 188 14 20
1071 605 946 29 28
1072 573 51 14 22
1073 142 364 25 19
1074 142 163 24 16
1075 663 675 19 28
1076 126 872 19 22
1077 392 494 3 10
1078 574 436 14 24
1079 717 757 25 24
1080 90 79 26 18
1081 232 775 29 11
1082 980 911 19 25
1083 760 951 29 17
1084 434 285 26 23
1085 551 569 26 28
1086 540 960 28 22
1087 48 466 20 27
1088 664 403 22 16
1089 337 757 14 18
1090 144 716 10 23
1091 41 278 29 13
1092 386 864 29 24
1093 74 611 25 25
1094 54 342 10 28
1095 54 524 28 15
1096 325 704 28 19
1097 827 63 23 23
1098 662 391 25 28
1099 409 838 21 11
1100 650 83 12 16
1101 176 485 18 22
1102 355 307 16 13
1103 831 578 16 20
1104 551 776 16 25
1105 918 673 24 13
1106 526 914 19 20
1107 245 190 29 12
1108 279 435 19 29
1109 407 860 11 23
1110 2 144 28 23
1111 777 7 10 28
1112 818 836 15 27
1113 392 794 11 13
1114 741 932 23 15
1115 236 681 27 14
1116 716 355 16 16
1117 966 838 20 14
1118 416 760 28 17
1119 526 960 15 14
1120 880 432 24 29
1121 587 410 9 7
1122 956 188 23 28
1123 329 495 28 22
1124 975 632 13 29
1125 581 788 19 10
1126 895 122 24 12
1127 61 911 27 11
1128 440 394 17 22
1129 369 183 15 14
1130 217 857 22 13
1131 140 131 13 11
1132 72 395 21 26
1133 456 62 13 21
1134 556 10 13 20
1135 434 96 18 22
1136 779 673 11 19
1137 537 928 18 13
1138 783 512 20 15
1139 298 790 23 12
1140 936 485 17 14
1141 194 621 23 14
1142 355 524 14 28
1143 359 816 15 16
1144 656 592 27 18
1145 571 588 22 22
1146 130 344 15 15
1147 772 101 18 29
1148 479 93 24 23
1149 276 531 26 18
1150 159 198 25 17
1151 125 899 24 23
1152 929 17 7 8
1153 607 336 21 25
1154 657 134 16 9
1155 827 526 20 14
1156 3 254 13 24
1157 479 46 15 10
1158 98 946 15 29
1159 94 620 10 29
1160 484 369 21 15
1161 856 836 14 11
1162 586 378 11 10
1163 165 912 17 13
1164 960 866 14 25
1165 116 535 10 7
1166 74 979 28 10
1167 698 877 10 11
1168 759 718 22 15
1169 30 551 16 11
1170 592 74 28 16
1171 875 405 4 10
1172 163 400 25 25
1173 306 454 21 27
1174 493 956 20 27
1175 490 814 19 23
1176 26 859 27 27
1177 446 84 26 21
1178 191 11 14 21
1179 850 724 25 27
1180 364 349 17 20
1181 313 76 24 26
1182 322 30 18 18
1183 803 639 18 16
1184 300 891 25 11
1185 887 491 13 28
1186 578 479 21 28
1187 26 405 11 10
1188 608 203 13 18
1189 638 686 13 10
1190 650 62 27 29
1191 817 348 27 26
1192 282 307 21 17
1193 51 76 25 29
1194 166 332 15 21
1195 944 468 10 20
1196 144 415 16 27
1197 270 416 23 11
1198 694 214 24 22
1199 532 950 11 14
1200 142 726 24 18
1201 814 840 24 16
1202 269 187 20 29
1203 634 910 10 15
1204 344 299 29 27
1205 234 285 27 14
1206 46 635 17 29
1207 625 883 21 19
1208 671 397 20 10
1209 210 784 17 12
1210 791 754 28 26
1211 138 795 19 27
1212 464 914 12 26
1213 190 366 29 23
1214 175 312 24 22
1215 841 587 23 11
1216 846 21 11 25
1217 191 32 24 29
1218 616 625 28 22
1219 780 509 10 20
1220 64 403 19 21
1221 212 952 14 14
1222 522 103 29 24
1223 814 444 23 22
1224 513 164 28 13
1225 859 532 21 21
1226 300 651 28 14
1227 346 807 16 10
1228 208 930 23 24
1229 40 911 12 18
1230 706 810 26 27
1231 897 394 24 28
1232 800 339 25 13
1233 53 448 18 19
1234 289 887 28 23
1235 109 184 15 22
1236 296 844 15 10
1237 287 134 24 28
1238 152 334 19 19
1239 534 82 19 12
1240 499 43 11 23
1241 60 531 14 11
1242 272 684 25 21
1243 69 708 18 13
1244 772 228 25 29
1245 74 865 9 20
1246 84 271 27 17
1247 67 706 27 18
1248 82 30 29 15
1249 119 178 11 27
1250 53 502 20 14
1251 872 428 15 29
1252 919 109 13 16
1253 96 690 19 23
1254 550 607 27 15
1255 786 21 28 24
1256 905 84 25 29
1257 201 614 27 22
1258 219 670 27 20
1259 372 43 24 16
1260 749 134 24 23
1261 108 531 17 27
1262 461 731 19 16
1263 551 869 20 11
1264 537 68 23 24
1265 165 473 10 10
1266 100 146 15 25
1267 629 892 14 10
1268 559 499 14 11
1269 401 564 22 29
1270 514 733 22 24
1271 137 806 10 29
1272 766 141 21 14
1273 859 576 17 14
1274 629 925 19 13
1275 934 885 27 11
1276 240 183 17 20
1277 703 964 17 11
1278 803 36 29 25
1279 777 312 21 27
1280 844 616 12 22
1281 915 814 11 22
1282 319 959 25 12
1283 385 48 12 15
1284 677 964 12 28
1285 780 233 14 25
1286 699 135 29 25
1287 92 175 22 29
1288 61 263 11 24
1289 506 521 11 27
1290 8 156 10 18
1291 44 779 18 28
1292 43 922 20 10
1293 439 191 14 26
1294 183 757 13 18
1295 608 16 15 12
1296 521 672 16 14
1297 937 175 16 3
1298 794 307 10 20
1299 509 299 16 19
1300 653 132 29 15
1301 295 724 21 28
1302 912 468 16 22
1303 553 103 7 10
1304 722 433 14 10
1305 843 320 18 21
1306 782 775 26 29
1307 107 51 20 25
1308 587 898 22 13
1309 495 69 11 16
1310 205 553 26 27
1311 919 119 17 15
1312 158 966 14 18
1313 715 808 13 11
1314 935 489 13 13
1315 405 284 20 26
1316 200 556 18 16
1317 768 50 17 18
1318 323 757 17 20
1319 627 639 23 11